S014

Breaths/Minute: 10.08


Block 1

R wave timestamps

1377
2021
2652
3283
3912
4541
5174
5820
6482
7152
7813
8461
9104
9744
10389
11051
11752
12516
13334
14129
14857
15549
16225
16906
17598
18338
19088
19830
20537
21227
21916
22615
23330
24068
24801
25523
26227
26908
27582
28266
28973
29729
30561
31398
32158
32869
33551
34232
34924
35666
36592
37482
38268
39021
39760
40488
41225
41977
42723
43445
44148
44840
45541
46244
46971
47717
48467
49188
49881
50547
51197
51846
52518
53264
54305
55180
55998
56783
57545
58264
58971
59684
60404
61121
61820
62510
63191
63883
64584
65326
66086
66834
67551
68246
68938
69637
70354
71109
71902
72699
73455
74168
74877
75590
76326
77107
77971
78863
79645
80373
81082
81787
82504
83248
84016
84779
85516
86221
86912
87604
88305
89041
89822
90623
91383
92102
92805
93508
94217
94938
95660
96379
97078
97762
98434
99107
99799
100531
101311
102125
102893
103617
104316
105012
105703
106404
107109
107822
108529
109217
109887
110555
111232
111939
112713
113508
114301
115047
115756
116447
117141
117848
118605
119367
120141
120885
121596
122283
122977
123670
124383
125123
125887
126623
127340
128037
128734
129438
130146
130850
131553
132246
132932
133604
134275
134957
135643
136354
137078
137795
138500
139189
139859
140523
141197
141895
142650
143453
144260
145010
145729
146438
147146
147869
148604
149344
150055
150750
151430
152092
152756
153441
154174
154986
155867
156686
157436
158146
158848
159543
160254
160980
161717
162434
163129
163832
164549
165271
166020
166766
167494
168207
168900
169572
170234
170898
171596
172373
173252
174139
174947
175727
176484
177230
177953
178693
179436
180164
180871
181564
182252
182951
183670
184461
185299
186123
186881
187604
188318
189033
189754
190504
191281
192041
192777
193486
194184
194875
195572
196271
196988
197699
198404
199096
199791
200510
201252
202043
202846
203629
204371
205080
205771
206453
207141
207846
208564
209273
209963
210646
211324
212004
212699
213426
214211
215063
215867
216623
217348
218064
218787
219516
220258
220994
221713
222420
223109
223801
224500
225246
226018
226764
227484
228189
228885
229586
230289
230998
231713
232432
233137
233832
234512
235191
235877
236580
237307
238051
238865
239682
240439
241168
241883
242598
243330
244066
244824
245557
246264
246949
247625
248297
248986
249754
250580
251414
252211
252971
253725
254475
255223
255977
256729
257459
258162
258857
259553
260273
261035
261826
262607
263365
264084
264785
265486
266199
266936
267762
268582
269354
270094
270809
271516
272229
272951
273693
274451
275193
275910
276611
277293
277967
278648
279338
280027
280711
281387
282049
282713
283385
284094
284867
285678
286473
287246
287988
288703
289418
290135
290873

Inhale marker timestamps

2
5955
11908
17863
23816
29771
35725
41678
47633
53586
59539
65494
71447
77400
83355
89309
95262
101217
107170
113125
119078
125031
130986
136939
142893
148848
154801
160754
166709
172662
178615
184570
190523
196479
202432
208385
214340
220293
226246
232201
238154
244107
250063
256016
261971
267924
273877
279832
285785
291738

Block 2

R wave timestamps

1223
2002
2742
3484
4260
5111
5982
6877
7742
8531
9285
10064
10867
11779
12775
13707
14555
15369
16201
17070
17969
18848
19676
20453
21217
22018
22879
23877
24824
25699
26508
27279
28059
28834
29609
30391
31176
31963
32723
33475
34213
34936
35650
36352
37072
37846
38650
39475
40307
41146
41986
42809
43600
44350
45094
45873
46695
47514
48309
49117
49947
50795
51672
52590
53512
54406
55244
56027
56803
57590
58389
59215
60086
60971
61822
62637
63451
64262
65064
65883
66709
67518
68305
69102
69914
70764
71607
72463
73334
74170
74988
75805
76637
77498
78371
79209
80006
80789
81594
82428
83289
84152
84936
85705
86465
87240
88027
88807
89578
90350
91094
91809
92508
93219
93934
94707
95520
96404
97236
98016
98777
99521
100273
101053
101848
102619
103357
104068
104783
105520
106365
107281
108205
109059
109871
110709
111566
112449
113316
114154
114938
115674
116395
117141
117941
118883
119867
120779
121623
122502
123396
124271
125111
125928
126693
127434
128178
128938
129752
130615
131463
132270
133031
133787
134561
135357
136203
137084
137934
138730
139492
140244
141014
141805
142639
143432
144180
144906
145617
146336
147068
147828
148645
149447
150234
150988
151715
152445
153186
153969
154840
155738
156590
157396
158180
158953
159742
160557
161402
162201
162967
163723
164479
165271
166123
166986
167820
168615
169377
170119
170879
171678
172570
173475
174350
175168
175939
176682
177408
178131
178871
179625
180361
181086
181791
182500
183215
183959
184725
185510
186283
187031
187766
188500
189252
190039
190889
191762
192588
193381
194174
194961
195754
196578
197406
198203
198967
199719
200477
201252
202066
202916
203756
204545
205303
206064
206836
207635
208465
209324
210143
210924
211682
212441
213199
213979
214754
215531
216287
217029
217785
218553
219332
220141
220953
221732
222486
223223
223949
224676
225436
226250
227076
227875
228637
229393
230143
230908
231693
232490
233297
234084
234846
235615
236406
237270
238176
239061
239898
240682
241453
242215
242980
243764
244551
245330
246092
246830
247570
248326
249096
249926
250771
251594
252369
253119
253869
254623
255410
256203
256998
257764
258510
259236
259967
260695
261482
262316
263162
263963
264723
265465
266211
266957
267721
268484
269234
269959
270662
271361
272066
272793
273553
274309
275068
275803
276533
277291
278084
278945

Inhale marker timestamps

2
5957
11910
17863
23818
29771
35725
41680
47633
53588
59541
65494
71449
77402
83355
89311
95264
101217
107172
113125
119080
125033
130986
136941
142895
148848
154803
160756
166709
172664
178617
184570
190525
196479
202434
208387
214340
220295
226248
232201
238156
244109
250063
256018
261971
267924
273879
279832

Block 3

R wave timestamps

1701
2488
3234
3980
4730
5535
6436
7334
8199
9006
9809
10623
11471
12328
13162
13975
14752
15537
16338
17193
18070
18949
19809
20625
21418
22211
23018
23857
24703
25521
26305
27057
27793
28520
29248
29975
30713
31463
32211
32957
33719
34494
35297
36096
36875
37635
38371
39086
39795
40500
41193
41879
42564
43264
43967
44689
45424
46182
46941
47697
48453
49195
49912
50621
51338
52076
52879
53717
54537
55338
56115
56922
57750
58619
59498
60357
61188
61965
62715
63459
64221
65023
65883
66717
67514
68285
69061
69826
70609
71395
72166
72926
73664
74389
75125
75877
76668
77471
78273
79066
79832
80594
81354
82102
82859
83615
84377
85133
85877
86629
87396
88195
89020
89857
90684
91439
92170
92885
93576
94252
94912
95566
96229
96893
97547
98205
98887
99611
100432
101313
102143
102957
103727
104477
105217
105945
106670
107369
108055
108740
109424
110127
110877
111656
112461
113252
114027
114771
115488
116189
116887
117605
118357
119148
119961
120783
121574
122375
123203
124066
124939
125791
126609
127369
128119
128869
129621
130375
131154
131953
132734
133494
134258
135031
135813
136607
137406
138184
138949
139701
140471
141260
142088
142936
143758
144551
145309
146039
146754
147463
148174
148881
149588
150281
150971
151672
152391
153148
153934
154729
155510
156264
156984
157689
158387
159080
159783
160500
161223
161947
162660
163354
164051
164768
165520
166336
167242
168129
168965
169793
170621
171438
172232
172996
173736
174457
175158
175857
176557
177258
177973
178689
179424
180170
180908
181641
182379
183117
183855
184588
185322
186031
186730
187414
188100
188797
189539
190365
191217
192070
192877
193682
194488
195301
196098
196875
197643
198389
199105
199814
200523
201258
202061
202926
203793
204621
205412
206186
206945
207701
208469
209223
209961
210688
211416
212160
212934
213756
214631
215504
216326
217113
217881
218633
219379
220115
220836
221557
222268
222982
223713
224488
225311
226135
226961
227750
228510
229248
229975
230701
231436
232191
232965
233736
234498
235244
236000
236756
237506
238254
238973
239674
240359
241033
241715
242410
243146
243939
244764
245572
246357
247148
247939
248744
249541
250316
251078
251820
252539
253252
253971
254693
255428
256158
256898
257646
258377
259100
259838
260578
261336
262111
262891
263666
264418
265146
265867
266582
267295
268049
268871
269686
270461
271223
271979
272736
273512
274303
275092
275867
276627
277387
278162
278982
279846
280779
281619
282404
283150
283891
284643
285434
286275
287131
287949
288734
289502
290260
291025
291795
292580
293346
294113
294863
295611
296367
297145
297918
298701
299475
300252
301027
301830
302676
303545
304422
305260
306045
306820
307600
308416

Inhale marker timestamps

2
5957
11910
17863
23818
29771
35727
41680
47633
53588
59541
65494
71449
77402
83355
89311
95264
101217
107172
113125
119080
125033
130986
136941
142895
148848
154803
160756
166709
172664
178617
184570
190525
196479
202434
208387
214340
220295
226248
232201
238156
244109
250063
256018
261971
267924
273879
279832
285787
291740
297693
303648
309602
